(-1 +10 +8 -2 -13 -6 -7 +3 +4 -11 +9 -14 +12 -5)
(+6 +13 +2 -8 -10 +7)(-12 +14 -9 +11 -4 -3 +1 +5)
(-2 +8)(-10 +7 +6 +13)(+12 -5 -1 +3 +4 -11 +9 -14)
(+1 +5 -12 +14 -9 +11 -4 -3)(-13 -6 -7 +8 -2 +10)
(+12 -5 -1 +3 +4 -11 +9 +13 -10 +2 -8 +7 +6 -14)
(+1 +5 -12 -4 -3)(-2 +10 -13 -9 +11 +14 -6 -7 +8)
(-5 -7 +8 -2 +10 -13 -9 +11 +14 -6 -1 +3 +4 +12)
(+5 -12)(-7 +8 -2 +10 -13 -9 +11 +14 -6 -1 +3 +4)
(-4 -3 +1 +6 -14 -11 +8 -2 +10 -13 -9 +7)(-5 +12)
(-7 +9 +13 -10 +2 -8 +11 +14 -6 -1 +3 +4 -5 +12)
(+8 -2 +10 -13 -9 +7 +4 -5 +12 -3 +1 +6 -14 -11)
(+5 -4 -7 +9 +13 -10 +2 -6 -1 +3 -12)(+14 -8 +11)
(+7 +4 -5 +12 -3 +1 +6 +8 -14 -11 -2 +10 -13 -9)
